{
"id":"pure-12th",
"name":"Pure 12th",
"octave":[0.25,0.5,1.492537,3.030303,6.25],
"twelfth":[0.1,0.2,0.3003],
"double_octave":[1,4],
"nineteenth":[0.75188],
"triple_octave":[3.030303],
"fifth":[0.374532,1.492537],
"fourth":[1,8.333333]
}