{
"id":"pure-5th",
"name":"Pure 5th",
"octave":[0.25,0.5,1.492537,3.030303,6.25],
"twelfth":[0.374532,1.492537,3.333333],
"double_octave":[1,4],
"nineteenth":[1.492537],
"triple_octave":[3.030303],
"fifth":[0.1,0.2],
"fourth":[0.5,4]
}