{
"id":"pure-19th",
"name":"Pure 19th",
"octave":[0.25,0.5,1.492537,3.030303,6.25],
"twelfth":[0.374532,1.492537,3.333333],
"double_octave":[1,4],
"nineteenth":[0.1],
"triple_octave":[3.030303],
"fifth":[0.75188,3.030303],
"fourth":[1.492537,12.5]
}